Clock	Heat	Temp
0	1	29.8
1	0	29.6
2	0	29.7
3	0	29.7
4	0	29.9
5	0	30.2
6	0	30.3
7	0	30.5
8	0	30.7
9	0	30.7
10	0	30.8
11	0	30.9
12	0	31.1
13	0	31.1
14	0	31.4
15	0	31.2
16	0	31.1
17	0	31.2
18	0	31.2
19	0	31.1
20	0	31.3
21	1	31.5
22	0	31.1
23	0	31.1
24	0	31.4
25	0	31.8
26	0	31.8
27	0	32.0
28	0	32.3
29	0	32.3
30	0	32.6
31	0	32.6
32	0	32.5
33	0	32.6
34	0	32.6
35	0	32.8
36	0	32.6
37	0	32.9
38	0	32.7
39	0	32.6
40	0	33.0
41	0	32.8
42	1	33.0
43	0	32.9
44	0	32.8
45	0	33.1
46	0	33.1
47	0	33.3
48	0	33.5
49	0	33.8
50	0	33.6
51	0	34.0
52	0	34.1
53	0	34.3
54	0	34.1
55	0	34.1
56	0	34.1
57	0	34.2
58	0	34.3
59	0	34.2
60	0	34.0
61	0	34.3
62	0	34.5
63	1	34.5
64	0	34.3
65	0	34.3
66	0	34.4
67	0	34.5
68	0	34.9
69	0	35.1
70	0	35.1
71	0	35.2
72	0	35.3
73	0	35.5
74	0	35.5
75	0	35.5
76	0	35.6
77	0	35.7
78	0	35.7
79	0	35.6
80	0	35.8
81	0	35.8
82	0	35.8
83	0	35.9
84	1	35.9
85	0	35.7
86	0	35.9
87	0	36.1
88	0	36.1
89	0	36.3
90	0	36.6
91	0	36.6
92	0	36.9
93	0	36.9
94	0	36.8
95	0	37.1
96	0	36.9
97	0	37.1
98	0	37.0
99	0	37.0
100	0	37.0
101	0	37.1
102	0	37.0
103	0	37.0
104	0	37.3
105	1	36.9
106	0	37.2
107	0	37.0
108	0	37.3
109	0	37.5
110	0	37.5
111	0	37.8
112	0	37.7
113	0	37.9
114	0	38.0
115	0	38.2
116	0	38.1
117	0	38.4
118	0	38.3
119	0	38.4
120	0	38.6
121	0	38.4
122	0	38.4
123	0	38.5
124	0	38.4
125	0	38.3
126	1	38.4
127	0	38.4
128	0	38.4
129	0	38.5
130	0	38.6
131	0	38.9
132	0	38.9
133	0	39.2
134	0	39.3
135	0	39.3
136	0	39.2
137	0	39.5
138	0	39.4
139	0	39.5
140	0	39.6
141	0	39.6
142	0	39.5
143	0	39.6
144	0	39.5
145	0	39.5
146	0	39.6
147	1	39.5
148	0	39.5
149	0	39.7
150	0	39.7
151	0	39.9
152	0	40.3
153	0	40.1
154	0	40.2
155	0	40.4
156	0	40.6
157	0	40.7
158	0	40.7
159	0	40.8
160	0	40.7
161	0	40.9
162	0	40.8
163	0	40.8
164	0	40.8
165	0	40.9
166	0	40.6
167	0	40.8
168	1	40.7
169	0	40.6
170	0	40.8
171	0	40.7
172	0	41.1
173	0	41.1
174	0	41.4
175	0	41.5
176	0	41.7
177	0	41.8
178	0	42.0
179	0	41.9
180	0	41.9
181	0	42.0
182	0	41.9
183	0	42.1
184	0	41.9
185	0	42.0
186	0	42.2
187	0	42.0
188	0	41.9
189	1	42.1
190	0	41.9
191	0	42.1
192	0	42.0
193	0	42.4
194	0	42.5
195	0	42.6
196	0	42.6
197	0	42.7
198	0	42.7
199	0	42.9
200	0	42.8
201	0	43.0
202	0	42.7
203	0	42.9
204	0	43.2
205	0	43.1
206	0	43.1
207	0	43.1
208	0	43.0
209	0	42.9
210	1	43.1
211	0	42.9
212	0	42.9
213	0	42.8
214	0	43.0
215	0	43.0
216	0	43.5
217	0	43.7
218	0	43.7
219	0	43.6
220	0	43.6
221	0	43.8
222	0	44.1
223	0	43.8
224	0	44.1
225	0	44.2
226	0	43.9
227	0	43.9
228	0	44.0
229	0	44.0
230	0	44.0
231	1	44.0
232	0	43.8
233	0	43.9
234	0	44.0
235	0	44.0
236	0	44.4
237	0	44.6
238	0	44.6
239	0	44.8
240	0	44.8
241	0	44.8
242	0	45.0
243	0	44.9
244	0	44.9
245	0	44.9
246	0	44.8
247	0	45.0
248	0	44.9
249	0	44.9
250	0	44.7
251	0	44.8
252	1	44.8
253	0	44.7
254	0	45.0
255	0	44.9
256	0	44.9
257	0	45.1
258	0	45.2
259	0	45.5
260	0	45.7
261	0	45.7
262	0	45.5
263	0	45.5
264	0	45.7
265	0	46.0
266	0	45.7
267	0	46.0
268	0	45.9
269	0	45.9
270	0	45.9
271	0	45.6
272	0	45.7
273	1	45.6
274	0	45.7
275	0	45.7
276	0	45.7
277	0	46.0
278	0	46.2
279	0	46.2
280	0	46.3
281	0	46.2
282	0	46.3
283	0	46.5
284	0	46.5
285	0	46.6
286	0	46.5
287	0	46.5
288	0	46.7
289	0	46.7
290	0	46.5
291	0	46.5
292	0	46.7
293	0	46.5
294	1	46.5
295	0	46.5
296	0	46.4
297	0	46.5
298	0	46.8
299	0	47.1
300	0	47.1
301	0	47.4
302	0	47.3
303	0	47.2
304	0	47.4
305	0	47.6
306	0	47.5
307	0	47.6
308	0	47.5
309	0	47.7
310	0	47.6
311	0	47.7
312	0	47.5
313	0	47.5
314	0	47.5
315	1	47.4
316	0	47.4
317	0	47.2
318	0	47.6
319	0	47.5
320	0	47.8
321	0	47.9
322	0	48.2
323	0	48.1
324	0	47.9
325	0	48.2
326	0	48.3
327	0	48.3
328	0	48.2
329	0	48.2
330	0	48.2
331	0	48.2
332	0	48.2
333	0	48.1
334	0	48.1
335	0	48.0
336	1	48.1
337	0	48.1
338	0	47.9
339	0	48.0
340	0	48.2
341	0	48.4
342	0	48.6
343	0	48.6
344	0	48.7
345	0	48.7
346	0	48.9
347	0	48.9
348	0	49.1
349	0	49.1
350	0	49.0
351	0	49.0
352	0	48.9
353	0	49.1
354	0	48.9
355	0	48.9
356	0	48.9
357	1	48.7
358	0	48.8
359	0	48.9
360	0	48.8
361	0	49.1
362	0	48.9
363	0	49.2
364	0	49.4
365	0	49.2
366	0	49.3
367	0	49.7
368	0	49.6
369	0	49.5
370	0	49.4
371	0	49.5
372	0	49.5
373	0	49.7
374	0	49.5
375	0	49.6
376	0	49.5
377	0	49.3
378	1	49.5
379	0	49.3
380	0	49.3
381	0	49.5
382	0	49.6
383	0	49.8
384	0	49.9
385	0	49.9
386	0	50.1
387	0	50.1
388	0	50.3
389	0	50.1
